-7 10 -4 5 -13 20 -37 43 -59 61 -74 82 -98 9
10 15 28 31 45 51 69 75 86 90 94 11 2 34
-4 28 25 -33 49 -50 54 -67 73 -86 91 -11 6 78
5 31 -33 35 44 55 66 77 88 99 22 33 3 14
-13 45 49 44 45 81 72 63 54 12 23 45 56 55
20 51 -50 55 81 55 90 80 70 60 50 40 30 90
-37 69 54 66 72 90 65 99 89 79 69 59 49 67
43 75 -67 77 63 80 99 75 -1 -2 -3 -4 -5 23
-59 86 73 88 54 70 89 -1 85 9 -9 9 -9 54
61 90 -86 99 12 60 79 -2 9 95 -1 1 -1 90
-74 94 91 22 23 50 69 -3 -9 -1 105 888 888 56
82 11 -11 33 45 40 59 -4 9 1 888 115 2021 11
-98 2 6 3 56 30 49 -5 -9 -1 888 2021 125 80