System of linear equations:

4.43 -7.21 8.05 1.23 -2.56 2.62
-1.29 6.47 2.96 3.22 6.12 -3.97
6.12 8.31 9.41 1.78 -2.88 -9.12
-2.57 6.93 -3.74 7.41 5.55 8.11
1.47 3.62 7.83 6.25 -2.35 7.23


System of linear equations (symmetric matrices):------------------------------------------------------------------------

-7 10 -4 5 -13 20 -37 43 -59 61 -74 82 -98 9
10 15 28 31 45 51 69 75 86 90 94 11 2 34
-4 28 25 -33 49 -50 54 -67 73 -86 91 -11 6 78
5 31 -33 35 44 55 66 77 88 99 22 33 3 14
-13 45 49 44 45 81 72 63 54 12 23 45 56 55
20 51 -50 55 81 55 90 80 70 60 50 40 30 90
-37 69 54 66 72 90 65 99 89 79 69 59 49 67
43 75 -67 77 63 80 99 75 -1 -2 -3 -4 -5 23
-59 86 73 88 54 70 89 -1 85 9 -9 9 -9 54
61 90 -86 99 12 60 79 -2 9 95 -1 1 -1 90
-74 94 91 22 23 50 69 -3 -9 -1 105 888 888 56
82 11 -11 33 45 40 59 -4 9 1 888 115 2021 11
-98 2 6 3 56 30 49 -5 -9 -1 888 2021 125 80

10.9 1.2 2.1 0.9 -7
1.2 11.2 1.5 2.5 5.3
2.1 1.5 9.8 1.3 10.3
0.9 2.5 1.3 12.1 24.6

15.21 0 1.11 9.01
1.32 14.82 -0.61 8.52
0.75 -1.26 -15.44 8.33

1 3 -2 0 -2 0.5
3 4 -5 1 -3 5.4
-2 -5 3 -2 2 5.0
0 1 -2 5 3 7.5
-2 -3 2 3 4 3.3

1 1 1 1 1 6
1 2 3 4 5 2
1 3 6 10 15 7
1 4 10 20 35 1
1 5 15 35 70 3

2 1 5 -4 2
1 6 3 -9 1
5 3 8 7 7
-4 -9 7 3 4

2 1 -2 8
1 0 3 1
-2 3 -4 5

5 2 7
2 1 9

